8789733366
3305920368
2914515246
8394807980
5751334188
3490230512
8821848044
4213606701
3940840857
8968300448
4424150738
3319975138
4532675620
3338830437
3534148707
3162191301
4527572384
4120748633
4063322407
3509623362
4138445640
3895796336
2745465843
2907734086
4144752905
4372220038
4548457775
4573501633
4037539286
1329772253
4632428674
3922400160
3504440802
2451841612
3886817584
4642187746
4294360871
4143508177
4613998499
4636332113
1062137492
4649185403
4655626758
3823624499
4655433474
4674509513
2950746796
3933462829
3937340924
4158288460
3438718646
4195533714
4680130117
4354487591
3375283422
4669779914
4120441486
331430748
4454719388
4498490603
4392602979
4505267819
3986910432
4709479613
4676615919
3199814315
4698277387
4261254866
3402025690
4635651398
4363203856
4632838570
2399528807
4674794494
3606225016
3757547458
4631848562
4151334310
4440182348
4413613613
3515554530
3432573217
3697456220
4491013993
3660659436
1924732231
3232288124
4576604407
3654614717
3982074086
4686033633
3409224110
4759251604
4749753014
4582642645
4576054992
4242705941
4576749699
3897755669
9073955593